VOL_LOOKBACK Hyperopt — Live-Compatible Harness
=================================================
Harness: Turtle-only + ATR_rank(17,42,5.0) + USDT hedge
Range: VL ∈ [1..=200 step 1] = 200 values
Scope: 9 universes × 7 windows = 63 OOS windows
Baseline: VL=8
Winner:   VL=92
Runner1:  VL=93
Runner2:  VL=95

    VL |   Pass% | AvgSharpe |  AvgRet% | Pass | AvgDD |  +Uni
------------------------------------------------------------
    92 |   85.7 |    3.794 |     87.5 |   54 |  27.9 |     9
    93 |   85.7 |    3.775 |     90.1 |   54 |  27.9 |     9
    95 |   85.7 |    3.728 |     87.1 |   54 |  28.1 |     9
   124 |   85.7 |    3.690 |     75.0 |   54 |  27.7 |     9
    94 |   85.7 |    3.676 |     86.2 |   54 |  28.0 |     9
   123 |   85.7 |    3.674 |     74.8 |   54 |  27.8 |     9
    91 |   85.7 |    3.669 |     86.8 |   54 |  28.1 |     9
   125 |   85.7 |    3.663 |     73.9 |   54 |  27.7 |     9
   126 |   85.7 |    3.663 |     73.9 |   54 |  27.7 |     9
    84 |   85.7 |    3.635 |     75.5 |   54 |  28.2 |     9
   176 |   85.7 |    3.632 |     85.2 |   54 |  27.7 |     9
   174 |   85.7 |    3.631 |     85.2 |   54 |  27.7 |     9
   175 |   85.7 |    3.631 |     85.2 |   54 |  27.7 |     9
   127 |   85.7 |    3.621 |     73.4 |   54 |  28.0 |     9
   128 |   85.7 |    3.621 |     73.4 |   54 |  28.0 |     9
   179 |   85.7 |    3.612 |     85.0 |   54 |  27.7 |     9
   180 |   85.7 |    3.612 |     85.0 |   54 |  27.7 |     9
   181 |   85.7 |    3.612 |     85.0 |   54 |  27.7 |     9
   182 |   85.7 |    3.612 |     85.0 |   54 |  27.7 |     9
   183 |   85.7 |    3.612 |     85.0 |   54 |  27.7 |     9
   172 |   85.7 |    3.607 |     84.8 |   54 |  27.9 |     9
   171 |   85.7 |    3.606 |     84.8 |   54 |  27.9 |     9
   184 |   85.7 |    3.601 |     84.9 |   54 |  27.7 |     9
   173 |   85.7 |    3.596 |     84.6 |   54 |  27.9 |     9
   192 |   85.7 |    3.584 |     84.6 |   54 |  27.9 |     9
   187 |   85.7 |    3.583 |     84.6 |   54 |  27.7 |     9
   188 |   85.7 |    3.569 |     84.5 |   54 |  27.7 |     9
   190 |   85.7 |    3.569 |     84.5 |   54 |  27.7 |     9
   122 |   85.7 |    3.565 |     73.9 |   54 |  27.8 |     9
   189 |   85.7 |    3.564 |     84.4 |   54 |  27.7 |     9
   191 |   85.7 |    3.564 |     84.4 |   54 |  27.7 |     9
   121 |   85.7 |    3.559 |     73.9 |   54 |  27.8 |     9
    85 |   85.7 |    3.559 |     74.7 |   54 |  28.5 |     9
    86 |   85.7 |    3.557 |     74.4 |   54 |  28.5 |     9
   117 |   85.7 |    3.555 |     72.4 |   54 |  27.9 |     9
    96 |   85.7 |    3.550 |     82.6 |   54 |  28.0 |     9
   118 |   85.7 |    3.549 |     72.3 |   54 |  27.9 |     9
    90 |   85.7 |    3.542 |     85.9 |   54 |  28.5 |     9
    82 |   85.7 |    3.542 |     71.1 |   54 |  28.9 |     9
   177 |   85.7 |    3.542 |     84.5 |   54 |  27.8 |     9
   178 |   85.7 |    3.542 |     84.5 |   54 |  27.8 |     9
   170 |   85.7 |    3.540 |     81.4 |   54 |  28.2 |     9
    87 |   85.7 |    3.540 |     78.0 |   54 |  28.5 |     9
    89 |   85.7 |    3.540 |     85.6 |   54 |  28.5 |     9
    99 |   85.7 |    3.539 |     79.1 |   54 |  28.1 |     9
   120 |   85.7 |    3.539 |     72.5 |   54 |  27.8 |     9
    83 |   85.7 |    3.535 |     71.0 |   54 |  28.9 |     9
   185 |   85.7 |    3.530 |     84.4 |   54 |  27.8 |     9
   186 |   85.7 |    3.530 |     84.4 |   54 |  27.8 |     9
   166 |   85.7 |    3.499 |     79.5 |   54 |  28.3 |     9
   100 |   85.7 |    3.485 |     76.8 |   54 |  28.5 |     9
    88 |   85.7 |    3.478 |     82.3 |   54 |  28.5 |     9
    80 |   85.7 |    3.477 |     71.0 |   54 |  29.1 |     9
    98 |   85.7 |    3.454 |     78.6 |   54 |  28.4 |     9
   169 |   85.7 |    3.454 |     80.6 |   54 |  28.4 |     9
   168 |   85.7 |    3.451 |     80.6 |   54 |  28.4 |     9
    97 |   85.7 |    3.435 |     78.4 |   54 |  28.4 |     9
   167 |   85.7 |    3.433 |     78.9 |   54 |  28.3 |     9
     4 |   84.1 |    3.978 |     94.7 |   53 |  28.6 |     9
     2 |   84.1 |    3.833 |     96.6 |   53 |  29.5 |     9
   129 |   84.1 |    3.599 |     73.1 |   53 |  28.0 |     8
   195 |   84.1 |    3.574 |     84.9 |   53 |  27.9 |     8
   196 |   84.1 |    3.574 |     84.9 |   53 |  27.9 |     8
   198 |   84.1 |    3.574 |     84.9 |   53 |  27.9 |     8
   115 |   84.1 |    3.566 |     72.5 |   53 |  27.9 |     9
   143 |   84.1 |    3.555 |     71.1 |   53 |  27.9 |     8
   194 |   84.1 |    3.555 |     84.2 |   53 |  27.9 |     8
   114 |   84.1 |    3.550 |     72.2 |   53 |  27.9 |     9
   200 |   84.1 |    3.550 |     84.0 |   53 |  27.9 |     8
   116 |   84.1 |    3.548 |     72.3 |   53 |  27.9 |     9
   147 |   84.1 |    3.540 |     70.5 |   53 |  27.8 |     8
   148 |   84.1 |    3.540 |     70.5 |   53 |  27.8 |     8
   144 |   84.1 |    3.532 |     70.5 |   53 |  27.9 |     8
   145 |   84.1 |    3.532 |     70.5 |   53 |  27.9 |     8
   193 |   84.1 |    3.532 |     84.0 |   53 |  27.9 |     8
   146 |   84.1 |    3.528 |     70.4 |   53 |  27.9 |     8
   199 |   84.1 |    3.526 |     83.7 |   53 |  27.9 |     8
   165 |   84.1 |    3.466 |     79.0 |   53 |  28.3 |     8
   163 |   84.1 |    3.452 |     78.9 |   53 |  28.3 |     8
   164 |   84.1 |    3.452 |     78.9 |   53 |  28.3 |     8
   160 |   84.1 |    3.449 |     78.9 |   53 |  28.4 |     8
   161 |   84.1 |    3.449 |     78.9 |   53 |  28.4 |     8
   162 |   84.1 |    3.449 |     78.9 |   53 |  28.4 |     8
   119 |   84.1 |    3.446 |     71.6 |   53 |  28.4 |     9
   108 |   84.1 |    3.444 |     71.4 |   53 |  28.5 |     9
   109 |   84.1 |    3.444 |     71.4 |   53 |  28.5 |     9
   107 |   84.1 |    3.418 |     71.0 |   53 |  28.6 |     9
    11 |   84.1 |    3.341 |     82.0 |   53 |  28.9 |     9
    10 |   84.1 |    3.271 |     79.3 |   53 |  30.3 |     9
   151 |   82.5 |    3.622 |     81.5 |   52 |  27.8 |     8
   152 |   82.5 |    3.622 |     81.5 |   52 |  27.8 |     8
   149 |   82.5 |    3.613 |     70.9 |   52 |  27.8 |     8
   150 |   82.5 |    3.613 |     70.9 |   52 |  27.8 |     8
   153 |   82.5 |    3.572 |     81.0 |   52 |  27.9 |     8
   154 |   82.5 |    3.572 |     81.0 |   52 |  27.9 |     8
   131 |   82.5 |    3.571 |     72.7 |   52 |  28.2 |     8
   130 |   82.5 |    3.567 |     72.7 |   52 |  28.1 |     8
   197 |   82.5 |    3.558 |     84.7 |   52 |  28.0 |     8
    74 |   82.5 |    3.530 |     78.1 |   52 |  29.2 |     9
   111 |   82.5 |    3.516 |     72.0 |   52 |  28.0 |     9
   112 |   82.5 |    3.515 |     72.0 |   52 |  28.0 |     9
     1 |   82.5 |    3.507 |     99.5 |   52 |  31.0 |     9
   141 |   82.5 |    3.506 |     70.5 |   52 |  28.0 |     8
   157 |   82.5 |    3.505 |     79.4 |   52 |  28.1 |     8
   158 |   82.5 |    3.505 |     79.4 |   52 |  28.1 |     8
   156 |   82.5 |    3.504 |     79.4 |   52 |  28.1 |     8
    72 |   82.5 |    3.498 |     73.9 |   52 |  29.2 |     9
    73 |   82.5 |    3.498 |     73.9 |   52 |  29.2 |     9
   132 |   82.5 |    3.495 |     72.3 |   52 |  28.4 |     8
   142 |   82.5 |    3.493 |     70.5 |   52 |  28.0 |     8
   155 |   82.5 |    3.493 |     79.3 |   52 |  28.1 |     8
     5 |   82.5 |    3.480 |     95.5 |   52 |  29.1 |     9
   113 |   82.5 |    3.478 |     71.6 |   52 |  28.3 |     9
   102 |   82.5 |    3.478 |     76.2 |   52 |  28.8 |     8
   137 |   82.5 |    3.466 |     72.2 |   52 |  28.1 |     8
   138 |   82.5 |    3.464 |     72.1 |   52 |  28.1 |     8
   139 |   82.5 |    3.461 |     70.0 |   52 |  28.1 |     8
   140 |   82.5 |    3.460 |     70.0 |   52 |  28.1 |     8
   159 |   82.5 |    3.442 |     78.8 |   52 |  28.4 |     8
    59 |   82.5 |    3.441 |     72.9 |   52 |  29.7 |     9
    75 |   82.5 |    3.437 |     69.8 |   52 |  29.4 |     9
    81 |   82.5 |    3.437 |     70.5 |   52 |  29.3 |     9
    78 |   82.5 |    3.436 |     70.1 |   52 |  29.4 |     9
    79 |   82.5 |    3.433 |     70.1 |   52 |  29.4 |     9
    76 |   82.5 |    3.428 |     69.9 |   52 |  29.5 |     9
    77 |   82.5 |    3.428 |     69.9 |   52 |  29.5 |     9
   110 |   82.5 |    3.425 |     71.2 |   52 |  28.7 |     9
   101 |   82.5 |    3.425 |     75.9 |   52 |  28.8 |     8
    52 |   82.5 |    3.421 |     66.4 |   52 |  29.5 |     9
   136 |   82.5 |    3.415 |     71.7 |   52 |  28.4 |     8
    71 |   82.5 |    3.411 |     71.8 |   52 |  29.4 |     9
   135 |   82.5 |    3.406 |     71.6 |   52 |  28.4 |     8
   133 |   82.5 |    3.406 |     71.6 |   52 |  28.4 |     8
   106 |   82.5 |    3.401 |     71.4 |   52 |  28.7 |     8
   134 |   82.5 |    3.396 |     71.6 |   52 |  28.4 |     8
    67 |   82.5 |    3.394 |     70.0 |   52 |  29.5 |     9
    66 |   82.5 |    3.388 |     70.5 |   52 |  29.5 |     9
    69 |   82.5 |    3.387 |     71.6 |   52 |  29.5 |     9
    70 |   82.5 |    3.387 |     71.6 |   52 |  29.5 |     9
   105 |   82.5 |    3.383 |     71.2 |   52 |  28.8 |     8
   103 |   82.5 |    3.375 |     71.2 |   52 |  28.9 |     8
   104 |   82.5 |    3.375 |     71.2 |   52 |  28.9 |     8
    65 |   82.5 |    3.362 |     70.1 |   52 |  29.7 |     9
    58 |   82.5 |    3.353 |     72.1 |   52 |  29.8 |     9
    51 |   82.5 |    3.322 |     64.6 |   52 |  29.6 |     9
    48 |   82.5 |    3.301 |     64.1 |   52 |  29.4 |     9
    49 |   82.5 |    3.301 |     64.1 |   52 |  29.4 |     9
    50 |   82.5 |    3.301 |     64.1 |   52 |  29.4 |     9
    45 |   82.5 |    3.286 |     63.6 |   52 |  29.6 |     9
    46 |   82.5 |    3.286 |     63.6 |   52 |  29.6 |     9
    47 |   82.5 |    3.286 |     63.6 |   52 |  29.6 |     9
    44 |   82.5 |    3.258 |     64.5 |   52 |  29.7 |     9
    43 |   82.5 |    3.231 |     64.1 |   52 |  29.9 |     9
     9 |   82.5 |    3.225 |     82.4 |   52 |  30.9 |     9
    56 |   82.5 |    3.203 |     63.3 |   52 |  29.9 |     9
    57 |   82.5 |    3.203 |     63.3 |   52 |  29.9 |     9
    38 |   82.5 |    3.131 |     58.5 |   52 |  30.0 |     9
     7 |   82.5 |    3.036 |     79.8 |   52 |  30.9 |     9
    34 |   82.5 |    2.930 |     59.9 |   52 |  30.4 |     9
    16 |   82.5 |    2.887 |     58.0 |   52 |  30.3 |     9
    36 |   82.5 |    2.859 |     57.0 |   52 |  30.6 |     9
    53 |   81.0 |    3.371 |     66.0 |   51 |  29.7 |     9
    64 |   81.0 |    3.346 |     70.0 |   51 |  29.8 |     9
    68 |   81.0 |    3.338 |     69.2 |   51 |  29.7 |     9
    63 |   81.0 |    3.317 |     69.9 |   51 |  29.9 |     9
    54 |   81.0 |    3.304 |     64.1 |   51 |  29.7 |     9
    60 |   81.0 |    3.292 |     70.1 |   51 |  29.7 |     9
    55 |   81.0 |    3.283 |     63.5 |   51 |  29.9 |     9
    62 |   81.0 |    3.273 |     68.8 |   51 |  29.9 |     9
    61 |   81.0 |    3.248 |     68.6 |   51 |  29.9 |     9
    42 |   81.0 |    3.210 |     63.2 |   51 |  30.0 |     8
     6 |   81.0 |    3.190 |     86.2 |   51 |  30.9 |     9
    41 |   81.0 |    3.131 |     59.3 |   51 |  30.2 |     8
    39 |   81.0 |    3.121 |     58.3 |   51 |  30.0 |     8
    37 |   81.0 |    3.117 |     58.8 |   51 |  30.2 |     9
    40 |   81.0 |    3.097 |     57.9 |   51 |  30.2 |     8
    29 |   81.0 |    2.935 |     57.9 |   51 |  30.6 |     9
    35 |   81.0 |    2.846 |     57.4 |   51 |  30.8 |     9
    18 |   81.0 |    2.842 |     56.9 |   51 |  30.1 |     8
     8 |   79.4 |    2.973 |     80.6 |   50 |  30.9 |     9
    33 |   79.4 |    2.926 |     59.6 |   50 |  30.3 |     8
    31 |   79.4 |    2.911 |     59.7 |   50 |  30.4 |     8
    32 |   79.4 |    2.906 |     59.4 |   50 |  30.3 |     8
    28 |   79.4 |    2.874 |     56.4 |   50 |  30.9 |     8
    30 |   79.4 |    2.871 |     59.5 |   50 |  30.7 |     8
    13 |   79.4 |    2.829 |     79.4 |   50 |  31.0 |     8
    17 |   79.4 |    2.822 |     56.0 |   50 |  30.2 |     8
    25 |   79.4 |    2.782 |     55.0 |   50 |  30.9 |     8
    22 |   79.4 |    2.780 |     56.5 |   50 |  30.4 |     8
    26 |   79.4 |    2.769 |     54.8 |   50 |  31.0 |     8
    12 |   79.4 |    2.761 |     75.0 |   50 |  30.9 |     8
    23 |   79.4 |    2.733 |     54.4 |   50 |  30.5 |     8
    24 |   79.4 |    2.720 |     54.6 |   50 |  31.3 |     8
    15 |   79.4 |    2.644 |     54.0 |   50 |  30.9 |     8
    20 |   77.8 |    2.800 |     56.6 |   49 |  30.5 |     8
    27 |   77.8 |    2.798 |     55.0 |   49 |  31.2 |     8
    21 |   77.8 |    2.788 |     56.5 |   49 |  30.5 |     8
    19 |   77.8 |    2.738 |     56.2 |   49 |  30.7 |     8
    14 |   77.8 |    2.682 |     68.8 |   49 |  30.9 |     8
     3 |   74.6 |    3.248 |     72.0 |   47 |  31.7 |     8
